Field Name,Start Position,End Position,Field Length,Field Value
SERVICE ID,1,32,32
MESSAGE TYPE,33,64,32
RESPONSE CODE,65,65,1
CAPTURE DATE,66,73,8
CAPTURE TIME,74,79,6
DEAL CODE,80,85,6
DEAL NO,86,91,6
CUSTOMER DIVIDEND  A/C,92,103,12
ERROR MESSAGE-1,104,127,24
ERROR MESSAGE-2,128,151,24
ERROR MESSAGE-3,152,175,24
ERROR MESSAGE-4,176,199,24
